Transformation matrices: 
STransG1
[[-1.000 0.000 0.000 9.980]
 [0.000 -1.000 0.000 26.536]
 [0.000 0.000 1.000 -663.187]
 [0.000 0.000 0.000 1.000]]
STransG2
[[-1.000 0.000 0.000 109.743]
 [0.000 -1.000 0.000 50.581]
 [0.000 0.000 1.000 -663.187]
 [0.000 0.000 0.000 1.000]]
STransG3
[[-1.000 0.000 0.000 157.660]
 [0.000 -1.000 0.000 110.992]
 [0.000 0.000 1.000 -663.187]
 [0.000 0.000 0.000 1.000]]
STransG4
[[-1.000 0.000 0.000 186.528]
 [0.000 -1.000 0.000 98.094]
 [0.000 0.000 1.000 -663.187]
 [0.000 0.000 0.000 1.000]]
STransG
[[-1.000 0.000 0.000 122.362]
 [0.000 -1.000 0.000 77.356]
 [0.000 0.000 1.000 -663.187]
 [0.000 0.000 0.000 1.000]]
Screen Information: 
Width: 4384px, 344mm
Height: 2740px, 215mm
Webcam Information: 
Width: 1280px
Height: 720px
