Transformation matrices: 
STransG1
[[-1.000 0.000 0.000 218.469]
 [0.000 -1.000 0.000 -57.555]
 [0.000 0.000 1.000 -503.512]
 [0.000 0.000 0.000 1.000]]
STransG2
[[-1.000 0.000 0.000 171.873]
 [0.000 -1.000 0.000 -65.350]
 [0.000 0.000 1.000 -503.512]
 [0.000 0.000 0.000 1.000]]
STransG3
[[-1.000 0.000 0.000 197.591]
 [0.000 -1.000 0.000 28.646]
 [0.000 0.000 1.000 -503.512]
 [0.000 0.000 0.000 1.000]]
STransG4
[[-1.000 0.000 0.000 194.189]
 [0.000 -1.000 0.000 39.019]
 [0.000 0.000 1.000 -503.512]
 [0.000 0.000 0.000 1.000]]
STransG
[[-1.000 0.000 0.000 198.244]
 [0.000 -1.000 0.000 -9.942]
 [0.000 0.000 1.000 -503.512]
 [0.000 0.000 0.000 1.000]]
Screen Information: 
Width: 4384px, 344mm
Height: 2740px, 215mm
Webcam Information: 
Width: 1280px
Height: 720px
